# Observed probability matrix:
       A      R      N      D      B      C      E      Q      Z      G      H      I      L      K      M      F      P      S      T      W      Y      V
A 0.1522 0.0018 0.0006 0.0033      0 0.0002 0.0104 0.0023      0 0.0269 0.0004 0.0008 0.0037 0.0042 0.0007 0.0005 0.0214 0.0086 0.0063 0.0001 0.0002 0.0136
R 0.0018 0.0158 0.0003 0.0005      0 0.0001 0.0014 0.0011      0 0.0027 0.0005 0.0001 0.0003 0.0033 0.0001 0.0001 0.0012 0.0033 0.0003 0.0001 0.0003 0.0002
N 0.0006 0.0003 0.0058 0.0019      0 0.0001 0.0014 0.0006      0 0.0014 0.0002 0.0002 0.0002 0.0005 0.0000 0.0001 0.0005 0.0029 0.0006 0.0000 0.0001 0.0001
D 0.0033 0.0005 0.0019 0.0448      0 0.0001 0.0389 0.0007      0 0.0040 0.0006 0.0003 0.0007 0.0015 0.0002 0.0001 0.0010 0.0101 0.0006 0.0000 0.0003 0.0007
B      0      0      0      0      0      0      0      0      0      0      0      0      0      0      0      0      0      0      0      0      0      0
C 0.0002 0.0001 0.0001 0.0001      0 0.0019 0.0001 0.0000      0 0.0006 0.0000 0.0000 0.0002 0.0000 0.0000 0.0001 0.0001 0.0006 0.0000 0.0000 0.0001 0.0001
E 0.0104 0.0014 0.0014 0.0389      0 0.0001 0.0914 0.0031      0 0.0058 0.0005 0.0004 0.0008 0.0076 0.0002 0.0001 0.0019 0.0079 0.0012 0.0000 0.0004 0.0013
Q 0.0023 0.0011 0.0006 0.0007      0 0.0000 0.0031 0.0399      0 0.0010 0.0016 0.0002 0.0013 0.0011 0.0003 0.0002 0.0029 0.0009 0.0006 0.0001 0.0002 0.0003
Z      0      0      0      0      0      0      0      0      0      0      0      0      0      0      0      0      0      0      0      0      0      0
G 0.0269 0.0027 0.0014 0.0040      0 0.0006 0.0058 0.0010      0 0.1011 0.0009 0.0003 0.0013 0.0010 0.0006 0.0013 0.0054 0.0098 0.0013 0.0003 0.0017 0.0016
H 0.0004 0.0005 0.0002 0.0006      0 0.0000 0.0005 0.0016      0 0.0009 0.0055 0.0000 0.0002 0.0003 0.0000 0.0000 0.0002 0.0007 0.0001 0.0001 0.0005 0.0001
I 0.0008 0.0001 0.0002 0.0003      0 0.0000 0.0004 0.0002      0 0.0003 0.0000 0.0027 0.0010 0.0001 0.0003 0.0001 0.0004 0.0006 0.0003 0.0000 0.0001 0.0017
L 0.0037 0.0003 0.0002 0.0007      0 0.0002 0.0008 0.0013      0 0.0013 0.0002 0.0010 0.0157 0.0003 0.0004 0.0011 0.0015 0.0011 0.0005 0.0001 0.0002 0.0018
K 0.0042 0.0033 0.0005 0.0015      0 0.0000 0.0076 0.0011      0 0.0010 0.0003 0.0001 0.0003 0.0376 0.0002 0.0000 0.0015 0.0019 0.0010 0.0000 0.0000 0.0004
M 0.0007 0.0001 0.0000 0.0002      0 0.0000 0.0002 0.0003      0 0.0006 0.0000 0.0003 0.0004 0.0002 0.0008 0.0001 0.0005 0.0004 0.0001 0.0000 0.0001 0.0004
F 0.0005 0.0001 0.0001 0.0001      0 0.0001 0.0001 0.0002      0 0.0013 0.0000 0.0001 0.0011 0.0000 0.0001 0.0032 0.0002 0.0005 0.0001 0.0001 0.0008 0.0002
P 0.0214 0.0012 0.0005 0.0010      0 0.0001 0.0019 0.0029      0 0.0054 0.0002 0.0004 0.0015 0.0015 0.0005 0.0002 0.0576 0.0035 0.0020 0.0000 0.0001 0.0021
S 0.0086 0.0033 0.0029 0.0101      0 0.0006 0.0079 0.0009      0 0.0098 0.0007 0.0006 0.0011 0.0019 0.0004 0.0005 0.0035 0.0904 0.0063 0.0003 0.0007 0.0008
T 0.0063 0.0003 0.0006 0.0006      0 0.0000 0.0012 0.0006      0 0.0013 0.0001 0.0003 0.0005 0.0010 0.0001 0.0001 0.0020 0.0063 0.0154 0.0000 0.0001 0.0007
W 0.0001 0.0001 0.0000 0.0000      0 0.0000 0.0000 0.0001      0 0.0003 0.0001 0.0000 0.0001 0.0000 0.0000 0.0001 0.0000 0.0003 0.0000 0.0004 0.0002 0.0000
Y 0.0002 0.0003 0.0001 0.0003      0 0.0001 0.0004 0.0002      0 0.0017 0.0005 0.0001 0.0002 0.0000 0.0001 0.0008 0.0001 0.0007 0.0001 0.0002 0.0039 0.0001
V 0.0136 0.0002 0.0001 0.0007      0 0.0001 0.0013 0.0003      0 0.0016 0.0001 0.0017 0.0018 0.0004 0.0004 0.0002 0.0021 0.0008 0.0007 0.0000 0.0001 0.0119

